ofdb	i	w1	w2	w3
1.2535	25	0.39609516	0.45626938	0.14763546
1.2406	28	0.69133884	0.23267561	7.598555e-2
1.4137	28	0.22041625	0.32011136	0.45947242
1.2022	29	0.32556814	0.1508112	0.52362067
1.2013	30	1.5467912e-2	0.8032026	0.18132949
1.2158	30	7.685262e-2	0.64424205	0.27890533
1.2158	25	0.5048703	0.29437327	0.20075643
1.0984	28	0.2001797	0.12390554	0.67591476
1.2127	28	0.53367335	0.17104626	0.2952804
1.2518	22	0.23169976	0.4048975	0.36340272
1.2192	30	0.87321645	0.1081326	1.8650949e-2
1.2317	23	4.5307457e-2	0.7555561	0.19913644
1.2013	26	0.21506035	0.32592177	0.45901787
1.5246	25	5.5324703e-2	0.41371548	0.53095984
1.1952	23	4.9829483e-4	0.6840988	0.31540293
1.2952	25	0.53406805	0.37072754	9.520441e-2
1.2233	27	0.48887122	9.470603e-2	0.41642272
1.2120	20	0.38866594	0.11764532	0.4936887
1.3296	22	0.20610446	0.48255825	0.3113373
1.2515	21	0.30186278	0.57733035	0.12080687
1.2129	28	0.14361775	5.327761e-2	0.80310464
1.1498	26	0.89400744	1.4846921e-2	9.1145635e-2
1.2388	20	5.6189656e-2	0.73476505	0.20904529
1.2016	29	0.6429441	0.18496042	0.17209548
1.2151	27	0.30774802	0.22828507	0.4639669
1.2149	20	6.173277e-2	0.82102275	0.11724448
1.2013	25	0.3106675	0.30949467	0.3798378
1.2811	22	0.21612453	0.68189496	0.10198051
1.2312	26	0.17181396	0.587352	0.24083406
1.2130	26	0.16530418	4.3043196e-2	0.7916526
